4824
23706
9585
12970
14908
24843
9991
31635
29290
11551
28201
24102
20507
18244
632
7620
13943
17074
18623
10495
11213
23276
27546
31005
30325
14310
24039
5607
26
12392
4703
11023
4979
30504
30186
26107
578
30642
26201
3168
10556
23808
20718
28687
6834
20843
2348
11835
10357
8277
23974
25261
730
27398
27044
9870
13708
2248
8847
27819
24565
2003
18290
16361
23718
9394
21679
17983
1952
19693
30487
5808
4053
8542
9364
10911
15679
1770
28629
15661
25570
6455
10824
28032
29907
22234
13746
25569
860
18691
26678
17785
9690
12679
13367
7692
11820
20291
22214
6184
7077
4856
28254
29216
5017
23809
6864
30110
28072
17759
6166
26873
29607
6696
17067
10049
22413
10255
11487
948
8761
32360
6823
19592
1223
24346
18556
22072
11147
29773
10352
2395
18423
25506
9796
22439
6399
4204
14959
29108
8308
21509
19684
16636
25511
9480
22779
30199
27522
13917
18544
14315
23539
19852
14644
10497
1707
19082
16718
29134
16784
22668
26917
7783
7297
27129
30555
31444
6610
23758
1700
6336
9183
6020
24555
29103
18104
2356
19029
8416
2754
21529
18453
25323
23125
11242
18413
13753
9705
324
21643
4267
20786
25196
10943
5322
30072
10477
803
4377
13536
3746
27047
4571
22010
13917
10034
28886
32052
4450
22846
1166
2119
5641
25433
27660
17359
30708
18360
3287
10229
27715
17195
17239
2852
27288
14738
12714
14623
12136
2811
28324
2145
12675
10029
1695
23873
5369
3616
27944
25320
6660
32165
31568
22436
23182
21733
4232
1297
21920
9704
12194
21173
27935
7704
18571
11464
16274
7600
14930
29505
17999
5667
24520
17830
18050
13204
15119
32146
11146
138
6676
19296
10779
26041
1057
11471
20486
22070
4900
17654
1830
26015
18066
21021
6990
9173
3797
18326
24624
32702
5622
2063
8793
3226
4527
4373
4540
30954
939
30962
6335
13474
31609
26974
15080
423
13301
21379
24935
21382
16006
23771
24249
21357
12674
2459
14773
17245
6157
13756
27344
5137
5026
6212
20748
27979
3094
1937
21764
410
16657
32105
4744
12005
28514
9883
3165
17246
26300
30272
3241
12214
26977
3929
23118
19798
24619
18937
14790
1705
27869
13488
7715
4534
20559
31062
3128
19104
26903
26206
22293
18900
5096
7007
32633
497
157
29228
22631
4419
31406
15217
1670
31700
19368
14848
4452
24365
7970
7518
10448
5160
998
8317
3709
14807
24131
12761
8405
3231
23381
24486
5227
3571
20067
31736
32014
23203
10345
15587
31288
9202
27804
5196
5484
31993
30529
30697
26036
5226
27082
20461
20932
17755
30864
25065
11574
21431
13033
5693
8768
10289
14786
550
6082
24129
11512
31219
27954
29537
31723
6359
2098
10404
13564
12340
19957
13393
13147
9029
2493
29005
7638
2367
11175
29834
5887
18848
23220
26194
6615
9136
7431
15624
6365
23972
25846
22530
4791
17269
22175
4431
6701
4664
17908
15227
15332
13126
16488
3172
3893
30665
21524
31972
27980
18474
25391
19076
20869
5173
20285
18073
30148
10274
20927
28399
15872
9415
10388
11585
2701
21800
26321
9579
10934
20895
13035
4835
3930
571
29858
21162
20325
11693
14793
25121
29034
29963
12748
23567
25167
12726
13759
15762
15442
21885
12461
26309
4730
15791
21458
2619
16647
27063
11612
4167
24599
9481
7123
16956
3074
30719
12920
1660
22160
16264
4620
27342
15113
19691
359
21104
20738
28763
30205
28954
28349
24331
27824
16229
16065
7841
27699
15145
14865
20271
15547
14031
29140
6937
7596
7589
22139
14067
3483
24565
22715
27368
24166
4013
11996
5612
30617
31142
6476
2708
11832
27546
24536
534
1574
24336
21309
31925
23749
15070
25030
15019
15548
5329
17264
31809
13724
21034
807
4689
14752
19781
6857
1759
9478
24297
21218
2116
17373
9166
19764
6250
29605
4652
6124
5683
4560
29159
5693
1690
4395
8374
6240
28685
29515
459
21112
20672
8089
2548
11175
2700
6435
32104
23287
7482
31266
29363
18463
9770
10874
21487
29028
27105
23922
4345
23583
31403
11185
5492
4499
1607
18061
26424
4044
7522
8879
16267
29831
29412
23345
7299
918
30700
15719
20085
8298
8307
486
12974
16206
18286
3169
28147
9767
28447
2096
10213
23054
98
23878
9648
21051
9491
3215
14034
7894
30122
870
18613
3614
29482
24856
11964
28239
7636
30467
27831
29895
26520
26614
23051
12040
18583
20558
18412
32573
11485
29597
1827
16989
3312
5026
30101
8808
25401
25960
17245
13805
4578
16266
688
11074
32455
19586
31374
2354
15422
15176
1558
18248
32416
15652
2803
29069
28734
10424
29344
2273
28169
18361
27849
6956
6223
9256
25411
22418
15854
1283
10551
23713
29437
21935
24230
5727
20363
26620
23358
480
13579
28141
5062
24329
27926
19872
24614
24950
18118
3209
1690
28429
24123
1677
17863
16793
11761
17691
29260
26468
3644
5826
11726
22005
20530
2447
9446
31519
24063
11255
32301
27754
20021
9381
26619
16928
18778
28027
24514
15835
3995
5290
12937
23412
13185
28011
6979
25053
30715
4332
9474
26319
15491
27134
13236
480
9674
30569
18096
28734
13287
16873
13198
22557
29706
17341
15251
23412
20540
20371
15887
25154
25141
10472
20409
33
1713
22600
344
29983
1418
17373
30765
24178
10228
10299
17382
28097
7840
17830
16171
16188
12635
32534
7269
15444
15099
28450
14578
11966
23889
2192
10195
10784
12540
29351
28612
12504
28883
26922
28708
19972
3114
10506
1327
21754
8286
4745
27035
25355
10063
24452
28935
4086
675
21119
7140
14259
21059
20362
5219
28981
24593
1995
14183
340
28483
19386
10531
20610
16812
8410
1304
293
16192
8357
20810
4309
15611
12262
10987
23268
23164
6085
18048
4960
6599
2920
30420
30577
22564
10090
21009
2362
26664
15231
19588
11708
14640
1999
15084
30366
15493
18923
30683
24834
26124
19415
6819
22321
25406
7260
28040
10267
4609
14643
31210
32336
19614
6622
20721
3823
10241
3492
7558
1586
30450
8076
19744
3444
23181
31608
4765
13739
11391
25007
17775
3748
20835
15822
11010
8845
24751
14693
10061
17716
26284
22311
18163
5873
24407
22363
10541
26314
2148
7353
27937
5209
30964
25563
27901
24264
16147
9245
4417
23500
18716
1536
1851
23174
17242
28172
26197
27304
